$ANSIBLE_VAULT;1.2;AES256;patchcord_library
35326638376139386665363939323035663063633937653733633134666665613238656632656136
3464326163396532633164643037333863323164386131380a373133623738643833666232393062
63633337376631333365663135393262313461626533303266346237353439353232333663323739
3033333139623830630a643134323836326266326261333734656138333635616662373631663038
65653061396632643162393863383261333433373666343861343030613135316166626432633532
66633632623232376339373165386139306436326232656631653631646664626136313632373733
65393839306566306333333734653237336637663239303535303436646435653631333663393534
38333338313037626139653064313962366338643734626633326533393031373439393861363164
65393939633538623161326666326535346235653661346434633764373936633631376565653866
32363638623132626336303630333731343639643738383234353062303863633534363135663033
31326137366130613863393138323331613261306439353537626631646164626136303735343336
64623130323834393437613461636264316363643265313630366665343636373561356235393066
39653261633164303536316561643538353263666664636233383938333763316663646162353563
38376133616333623266663231326164346438663135623866376662333733623066613436346231
65303633373933396636393831666434383537653232643034643661303239303738316337393332
36646537633838303634346662636533643738353030653533376532356632323462383435396235
38643133373736346461353039363866333233663935353836396261303939326636636433306630
36316661323336356366643762313835343436336235623064363339626466353835653539613132
32373461383265333133636663616133363831326536336138396135616463343534316361623638
30303834303966636566323032383136323636646636613734333062363632666263333636656663
32636639663466363564393865643036316666613937313139356462306261333338376364323566
34613939666662636631333465383030386637303561343331653539363364303634623566303131
30386139313933613731373232326361373363656439623932333964613537353734626631396339
62393261383937653632333662653639383165633565623837643736356363323562336434353537
38303532323664346435313165316235636637313339343962323037666463336566393163613061
33313362643231356461393831366539323836346462356331386630623662323835663331323832
36383234636336666531616335303435363432636264643033343836383536643536346334623936
36333062613865353862
